,alpha,beta,alpha=beta,LRT,p-value,Total branch length,dN/dS LB,dN/dS MLE,dN/dS UB,omega,Site
1,0.8478725189020943,0.0,0.2265300308049684,20.32756736656992,6.525362385212397e-06,3.933597771137344,0.0,0.0,0.06214442345802779,0.0,1
2,1.500000000000001,0.0,0.3786108156730639,33.37727671050749,7.590569173210326e-09,6.574416007307541,0.0,0.0,0.03280146489734429,0.0,2
3,1.8644561642945,0.0,0.3773644024379079,35.06089333530602,3.195543052392225e-09,6.552772570866461,0.0,0.0,0.02636954812638182,0.0,3
4,0.4533809691719848,0.0,0.1232681746250655,9.773115602278416,0.001770821201889872,2.140499496840625,0.0,0.0,0.1602185907511588,0.0,4
5,0.0,0.0,0.0,0.0,1.0,0.0,0.0,0.0,0.0,,5
6,1.054632598315956,0.1070059138099437,0.3478066347051975,9.321899949553199,0.002264310827564175,6.039514488218301,0.01708580257937848,0.1014627406556667,0.3186345547347897,0.10146274065566666,6
7,1.811584876446961,0.05599146513770326,0.4008933607003904,25.74008144484984,3.906294012701039e-07,6.96134293767212,0.004969191579998992,0.03090744787377483,0.1057513752178036,0.030907447873774828,7
8,0.2786903958307471,0.03108017900621055,0.1024073813726451,3.845766154295781,0.04987173177395421,1.778260682188605,0.006134182080019539,0.1115222464468636,0.5663431829612275,0.11152224644686361,8
9,1.823853843502241,0.0,0.3986207420292501,25.99648424841077,3.420396720299479e-07,6.921879879693995,0.0,0.0,0.06058890223426103,0.0,9
10,0.7280513015230154,0.0,0.2817079500368463,11.23363983390105,0.0008032795345569443,4.891738902956544,0.0,0.0,0.2027470561877114,0.0,10
11,0.0,0.0,0.0,0.0,1.0,0.0,0.0,0.0,0.0,,11
12,0.0,0.04105426933450156,0.04097599688629962,0.0005898256755187958,0.9806242194501956,0.7115307822513381,1461.973137405947,10000.0,10000.0,inf,12
13,1.962962962962964,0.0,0.9876274992544383,24.21446091230138,8.61827482823152e-07,17.14973205087296,0.0,0.0,0.1060137275762413,0.0,13
14,1.718213144828912,0.0,0.3768537729907246,26.91996879046785,2.120565743002345e-07,6.543905707395063,0.0,0.0,0.05967222440012299,0.0,14
15,1.260918463626971,0.1219174140321538,0.3755484431191063,9.644147895927134,0.0018995579594282,6.521239208585387,0.01585460274486141,0.09668937171517358,0.2980459063349429,0.0966893717151736,15
16,1.962962962962964,0.0,0.4924262586522934,30.51540882548545,3.312252416787231e-08,8.550772833964043,0.0,0.0,0.05755435256764374,0.0,16
17,1.899701118758284,0.0,0.3717061233699342,26.10560117596782,3.232449534706916e-07,6.454518958084239,0.0,0.0,0.05712308702163701,0.0,17
18,0.592401492390438,0.0,0.1938498595887571,11.06261729857728,0.0008808571277980626,3.366120478172368,0.0,0.0,0.1875430962356842,0.0,18
19,0.0,0.08324357593475916,0.08262211428866802,0.01578125282859588,0.9000299944367072,1.434697922644839,3824.67440653939,10000.0,10000.0,inf,19
20,0.3229218873453129,0.0,0.08009065659347224,5.550157167666399,0.01847902760394815,1.390740234950337,0.0,0.0,0.3171826001567775,0.0,20
21,0.5057958527198589,0.0,0.1092051757228272,6.073397528114398,0.01372327409124008,1.896301493861597,0.0,0.0,0.2659799975089991,0.0,21
22,1.355864565467169,0.06142163338442069,0.3704844367933225,14.03883776840826,0.0001790735813343991,6.433304889566649,0.002563113476486916,0.04530071435509314,0.1994584878823094,0.04530071435509313,22
23,1.378352931916982,0.1171139169276586,0.4382573878071764,12.63116380230703,0.0003793689213364981,7.610153398809206,0.01413023913263138,0.08496656713660353,0.2654358435935815,0.08496656713660355,23
24,0.234564382119962,0.06578863692586288,0.1266581747871117,1.151984358075701,0.2831341390331051,2.199365409824416,0.01601950195260498,0.2804715546805267,1.247474168404034,0.2804715546805267,24
25,0.5058986539394312,0.0,0.1564019946136448,9.26490966800516,0.002335859996395184,2.715854208060146,0.0,0.0,0.2161154164732133,0.0,25
26,2.127194991601771,0.0,0.5250843765000026,32.84896971234036,9.960384850238313e-09,9.117867179551684,0.0,0.0,0.05222914119912794,0.0,26
27,1.48257679541654,0.0922340172991964,0.2833634070248622,12.08613141581063,0.0005079826588850755,4.920485210433453,0.01035881303666474,0.0622119660744337,0.1939154554497795,0.06221196607443369,27
28,1.184818895990599,1.034745836507845,1.079385248092808,0.07711011966907222,0.7812525720919598,18.74306638730778,0.4873822327753436,0.87333670994732,1.433775594851175,0.8733367099473195,28
29,1.434580170747098,0.08469216485385114,0.508530575205979,12.0089993065214,0.0005294427710720306,8.830417450954394,0.003352016362383685,0.05903620207558375,0.2614669670763376,0.05903620207558377,29
30,3.625568083338968,0.0,0.9384736104108613,37.61535831232345,8.61633764337455e-10,16.29619564816841,0.0,0.0,0.04461273931866361,0.0,30
31,0.8439237400679782,0.0,0.2277457703173172,15.46879462599195,8.387867329273657e-05,3.954708571409894,0.0,0.0,0.1186411610162272,0.0,31
32,1.159513701075298,0.2025163045001965,0.533404117900052,7.972412672899537,0.004749559250928792,9.262335955331126,0.04325556823161325,0.1746562410710534,0.4584645581235887,0.17465624107105332,32
33,3.049680115264862,0.2376125164954435,0.970705037401986,21.09142414715015,4.378834328133685e-06,16.85588068825927,0.01929062412039296,0.07791391474341793,0.2041662326960302,0.07791391474341795,33
34,0.0,0.0,0.0,0.0,1.0,0.0,0.0,0.0,0.0,,34
35,0.4143646408839797,0.0,0.1128892116011947,7.660964231226302,0.005642833925384116,1.960273212173917,0.0,0.0,0.2416266715122238,0.0,35
36,1.886031354588692,0.0,0.5496197338745573,31.73250221292378,1.769361923642521e-08,9.543913239491948,0.0,0.0,0.05990128377505806,0.0,36
37,1.064859392941,0.1210103166396766,0.4387392355541886,10.41140135555652,0.001252396697892677,7.618520480281529,0.0188129237831579,0.1136397137893128,0.3529311869582872,0.11363971378931279,37
38,0.3202461536059583,0.0,0.1109421346979864,4.187551975592179,0.04072185988740307,1.926463048729021,0.0,0.0,0.5141400246471728,0.0,38
39,0.2518539167890868,0.05504805079525115,0.09007905513784545,1.032283862861256,0.3096228570357237,1.564184533314491,0.01246072702177336,0.2185713507936061,0.968207830444027,0.218571350793606,39
40,1.60408883403218,0.6278458334542194,0.8981298694092095,3.580007206922403,0.05847889756766045,15.59564372081679,0.1862510624478982,0.3914034061792018,0.7150077142681165,0.3914034061792017,40
41,1.352941176470589,0.0,0.4035971718906382,23.49784514796144,1.250537507546667e-06,7.008293470604738,0.0,0.0,0.0821207263165179,0.0,41
42,1.142210396597881,0.0,0.6120829833722883,16.50762364580274,4.845485443660813e-05,10.62856103708931,0.0,0.0,0.1636707295692228,0.0,42
43,1.015664528538328,0.05935385650559835,0.2750380051349373,9.785317668563465,0.001759108358578287,4.775918142651492,0.0033057205887519,0.05843844580357276,0.2574515946562105,0.058438445803572756,43
44,0.0,0.04083581499961159,0.04092146082415886,0.0002836000249004655,0.9865639173552287,0.7105837866952917,1461.971539708653,10000.0,10000.0,inf,44
45,1.352941176470589,0.0,0.3541284881022406,20.98917330766115,4.618861436656019e-06,6.14929078738579,0.0,0.0,0.08533828136027245,0.0,45
46,1.500000000000001,0.0,0.3868927904866984,24.12936427599739,9.007623288370681e-07,6.71822898235444,0.0,0.0,0.0740699038972605,0.0,46
47,1.962962962962964,0.0,0.4413083740086636,29.03835413409453,7.09593960257493e-08,7.663132478356823,0.0,0.0,0.05593252426615868,0.0,47
48,1.051282051282052,0.0,0.3172122595090512,16.55265470717755,4.731769787036377e-05,5.508256157244459,0.0,0.0,0.1186259150273853,0.0,48
49,1.352941176470589,0.0,0.3429845863553447,22.49333878910062,2.108735818073804e-06,5.95578166668513,0.0,0.0,0.0751393910606609,0.0,49
50,0.6771973751884127,0.0,0.1822536322629106,10.36201757508586,0.001286345430694835,3.164756915908858,0.0,0.0,0.177389375216074,0.0,50
51,4.168202295844485,0.0,0.7424627306446944,41.33992116737916,1.279293337930199e-10,12.89254997246245,0.0,0.0,0.03227516933589458,0.0,51
52,0.0,0.0,0.0,0.0,1.0,0.0,0.0,0.0,0.0,,52
53,1.068723396216849,0.0,0.2457960255978075,17.31971820907846,3.158919341639255e-05,4.268143587895312,0.0,0.0,0.09580867749551475,0.0,53
54,1.352941176470589,0.0,0.3347266007466471,18.45318835384292,1.741292598866906e-05,5.812385253993051,0.0,0.0,0.09212660025544897,0.0,54
55,1.589329162638367,0.0664799761584778,0.4801116765071555,16.97245485949409,3.792607669039771e-05,8.336935345369398,0.002358353288538592,0.04182895382610212,0.1837423958147204,0.04182895382610212,55
56,1.681092292693205,0.06626717540075881,0.5580728318751401,19.30513856469295,1.114061261253685e-05,9.690697695999294,0.002265581883559281,0.03941911796799392,0.1763267586028145,0.03941911796799392,56
57,1.352941176470589,0.0,0.3320957214473207,17.59623801753398,2.731281194634505e-05,5.766701152370026,0.0,0.0,0.09322036103973662,0.0,57
58,1.352941176470589,0.0,0.6024156540923417,15.1458515626651,9.951673030750285e-05,10.46069197013462,0.0,0.0,0.1544311053270438,0.0,58
59,0.5482035938753177,0.0,0.09142436465655064,7.113895931894838,0.007648869663005486,1.58754526171533,0.0,0.0,0.1925656283482918,0.0,59
60,0.8852607566242755,0.0,0.2304236017240653,13.23478145890731,0.0002748019129057422,4.001207976436397,0.0,0.0,0.1356731947009321,0.0,60
61,0.4710810771377036,0.0,0.165229674503171,6.195853451651999,0.01280499605569263,2.869143119973335,0.0,0.0,0.3491643175396518,0.0,61
62,1.352941176470589,0.0,0.4718179001422311,19.67887651234751,9.160842219135823e-06,8.192917441396812,0.0,0.0,0.1057542001321953,0.0,62
63,1.819305939068688,0.0,0.9705374415128009,24.87065022201739,6.130875892518262e-07,16.85297045682635,0.0,0.0,0.1063710688342386,0.0,63
64,1.064779560144236,0.0,0.2202508536451,12.28808995543268,0.0004558580325910722,3.824562526702576,0.0,0.0,0.1263464915428145,0.0,64
65,0.6864528385519798,0.0,0.1729578197872931,10.94753883228996,0.0009372803012257513,3.00333908046751,0.0,0.0,0.1618531163715759,0.0,65
66,1.962962962962964,0.0,0.571617513066574,29.41211986823743,5.851057560679607e-08,9.925895332074582,0.0,0.0,0.06489471357188648,0.0,66
67,0.367521367521369,0.0,0.09016058467342324,5.6458251642511,0.01749698017274504,1.565600259071871,0.0,0.0,0.3119431788869619,0.0,67
68,0.754173241202837,0.0,0.2581636298088319,12.67893102444436,0.0003697989270086133,4.482901782144086,0.0,0.0,0.1672505194199635,0.0,68
69,0.7990359170317675,0.0,0.1827606222856703,11.68287213800016,0.0006307808447034713,3.173560582320899,0.0,0.0,0.141447748137597,0.0,69
70,0.8244798390885414,0.0,0.2733537091783012,15.16115105299231,9.871359125013246e-05,4.746671058733234,0.0,0.0,0.1370279817538844,0.0,70
71,1.65655433520271,0.0,0.4147006369187681,21.1577490087581,4.229874714933857e-06,7.201100424858657,0.0,0.0,0.08121125077873205,0.0,71
72,0.0,0.0,0.0,0.0,1.0,0.0,0.0,0.0,0.0,,72
73,1.012578616352203,0.0,0.2962825228948356,14.44616535680486,0.0001442231947395012,5.144820170397087,0.0,0.0,0.1328600826218876,0.0,73
74,1.962962962962964,0.0,0.3222618454878329,24.77132535413251,6.455064656130105e-07,5.595940073062241,0.0,0.0,0.05385489211114185,0.0,74
75,1.352941176470589,0.0,0.2504292633779648,15.95415741266824,6.489509498330825e-05,4.348597794078982,0.0,0.0,0.088755396988234,0.0,75
76,0.8850632720638936,0.0,0.2996880875639309,14.91791861741841,0.000112291334804504,5.20395635443509,0.0,0.0,0.1408998713465018,0.0,76
77,1.043058352609627,0.0,0.3161124284733089,18.74057250996603,1.497618967971626e-05,5.489158058438535,0.0,0.0,0.1048196907084532,0.0,77
78,0.6960003111939062,0.0,0.1686763117402283,11.22533206076358,0.0008068833557999255,2.928992511709302,0.0,0.0,0.1539520968197173,0.0,78
79,1.352941176470589,0.0,0.3795912920176123,20.56616287714456,5.760535477739026e-06,6.591441562594251,0.0,0.0,0.09208995209167653,0.0,79
80,1.051282051282052,0.0,0.3060745565282276,19.8436096280157,8.404321960142624e-06,5.314854675483853,0.0,0.0,0.09735371567284366,0.0,80
81,2.907602362898905,0.1644322884372744,0.557694584106267,20.44173314250375,6.147451868110387e-06,9.684129584145479,0.01401981476052621,0.0565525363906136,0.1479518409401765,0.05655253639061359,81
82,0.7489856285000114,0.1313568011787896,0.3450575981878694,5.328810485263503,0.02097569632834917,5.991778636689424,0.0291706704520558,0.17537960166453,0.5488037679980425,0.17537960166452993,82
83,1.500000000000001,0.0,0.3625557648357131,22.0622676138813,2.639473813959015e-06,6.29562686855679,0.0,0.0,0.07673613129012534,0.0,83
84,0.5078667985037753,0.1062621398518607,0.2035351025676608,2.90677049944594,0.08820834513267317,3.534300608900998,0.0348769466792543,0.2092323029678634,0.6547101842612306,0.20923230296786333,84
85,0.9230255022198941,0.0,0.4733306449377427,11.81598727655937,0.0005872428499861249,8.21918561226483,0.0,0.0,0.2247137976193739,0.0,85
86,0.6999175423446229,0.0,0.228304483559417,13.21553778960234,0.0002776378234242705,3.964410389557446,0.0,0.0,0.1559575374102728,0.0,86
87,0.3094210543141214,0.0,0.08643115369365784,5.08756980600246,0.02409793813609395,1.500840274104377,0.0,0.0,0.3729168995557299,0.0,87
88,0.7800975465405505,0.5039513646241408,0.5637344681440711,0.3560078369929016,0.5507317839243027,9.789009605150238,0.2745276423834367,0.6460107032242085,1.276345940699386,0.6460107032242085,88
89,0.0,0.1119333989998251,0.09008860869614806,0.8628409732823172,0.3529448848515974,1.564350426796745,3825.40925333599,10000.0,10000.0,inf,89
90,1.782443299056612,0.0,0.4111217863198575,25.27391041790246,4.973912577366235e-07,7.138955204248909,0.0,0.0,0.06458293574412052,0.0,90
91,0.343336053770006,0.06301996112456074,0.1379254157054655,2.047826318533922,0.1524236744061955,2.395016262851765,0.01041729750547067,0.1835518304371744,0.8109329386041707,0.1835518304371744,91
92,0.5218727660084163,0.05636457299566128,0.1701803698585934,4.442323975401067,0.03505849376160997,2.955109842118158,0.006148678831607643,0.1080044345421012,0.4787241663601101,0.10800443454210118,92
93,0.5112160566706033,0.0,0.0998492647060623,6.443428493962724,0.01113635107469624,1.733840072778797,0.0,0.0,0.2348767914334967,0.0,93
94,0.09277792804977009,0.0,0.03620351669824283,2.257478103626678,0.1329704452059892,0.6286586907947316,0.0,0.0,1.099184585182829,0.0,94
95,1.352941176470589,0.0,0.2258825931819819,17.18109952589044,3.398003788601667e-05,3.922355291799481,0.0,0.0,0.07803262865777648,0.0,95
96,0.7717351092317603,0.05689744601056946,0.2773110356570556,9.020846235027193,0.002669177905161302,4.815388352246925,0.00421603119634938,0.07372665222813202,0.32765108938081,0.07372665222813202,96
97,0.3333333333333329,0.0,0.09285978295417993,4.974661221387098,0.02572124066115211,1.612470690790409,0.0,0.0,0.3764134077952461,0.0,97
98,0.7320017019792114,0.0,0.4315646279023018,10.34962234693779,0.001295011765465093,7.49393646566784,0.0,0.0,0.2786757053996258,0.0,98
99,0.1479935509028076,0.2679646916747957,0.2357614580007444,0.3403353806366027,0.5596356978508004,4.093897583540514,0.646678482914024,1.810651140135,3.936454206748894,1.8106511401349996,99
100,0.7507276795425496,0.1954661076510486,0.3855293837046299,3.809048268209906,0.0509764080313061,6.694554002661727,0.06450694038785784,0.2603688567473021,0.6825711575295376,0.2603688567473021,100
101,0.0,0.0,0.0,0.0,1.0,0.0,0.0,0.0,0.0,,101
102,0.2257378160621469,0.0,0.07622921818320409,4.313481096552096,0.03781151235729985,1.323687997019499,0.0,0.0,0.4921819764670771,0.0,102
103,0.2484662543588711,0.0,0.04479953961683968,3.398831708781408,0.06524261304071,0.7779249777990783,0.0,0.0,0.4248859042364773,0.0,103
104,0.291133504733197,0.0,0.1486479276136304,3.982415172282934,0.04597759382985922,2.581208127979193,0.0,0.0,0.6761863038949985,0.0,104
105,0.1567868644421064,0.0,0.04553890279165765,2.465839810085338,0.1163455030761785,0.7907637053010803,0.0,0.0,0.7896200356317907,0.0,105
106,0.8349502678771986,0.0,0.2463787357413446,12.02364541818974,0.0005252986109602897,4.278262102044147,0.0,0.0,0.1611250840735095,0.0,106
107,0.1878805864100855,0.0,0.05484733711745867,2.4459371278774,0.1178294968946096,0.9524007138100026,0.0,0.0,0.7966798827087138,0.0,107
